{
 "cells": [
  {
   "cell_type": "markdown",
   "id": "74b32979",
   "metadata": {},
   "source": [
    "Nói chung, đây chính là tỉ lệ phần trăm các nucleotide khác nhau giữa hai chuỗi.\n"
   ]
  },
  {
   "cell_type": "code",
   "execution_count": 1,
   "id": "304ab06c",
   "metadata": {},
   "outputs": [
    {
     "name": "stdout",
     "output_type": "stream",
     "text": [
      "0.00000 0.58097 0.48358 0.65006 0.57644 0.31937 0.63760 0.49490 0.62741 \n",
      "0.58097 0.00000 0.32843 0.61495 0.47905 0.47452 0.64100 0.59343 0.57644 \n",
      "0.48358 0.32843 0.00000 0.56625 0.31031 0.31031 0.53114 0.50283 0.47225 \n",
      "0.65006 0.61495 0.56625 0.00000 0.47452 0.63080 0.46319 0.66138 0.30578 \n",
      "0.57644 0.47905 0.31031 0.47452 0.00000 0.49037 0.46886 0.59796 0.30238 \n",
      "0.31937 0.47452 0.31031 0.63080 0.49037 0.00000 0.62288 0.32163 0.58097 \n",
      "0.63760 0.64100 0.53114 0.46319 0.46886 0.62288 0.00000 0.63420 0.30011 \n",
      "0.49490 0.59343 0.50283 0.66138 0.59796 0.32163 0.63420 0.00000 0.61721 \n",
      "0.62741 0.57644 0.47225 0.30578 0.30238 0.58097 0.30011 0.61721 0.00000 \n"
     ]
    }
   ],
   "source": [
    "from Bio import SeqIO\n",
    "seq_name, seq_string = [], []\n",
    "with open(r\"C:\\Users\\ASUS\\Downloads\\rosalind_pdst.txt\", \"r\") as fa:\n",
    "\tfor seq_record in SeqIO.parse(fa, \"fasta\"):\n",
    "\t\tseq_name.append(str(seq_record.name))\n",
    "\t\tseq_string.append(str(seq_record.seq))\n",
    "\n",
    "def p_distance(s1, s2):\n",
    "    n = len(s1)\n",
    "    m = 0\n",
    "    for i in range(n):\n",
    "        if s1[i] != s2[i]:\n",
    "            m += 1\n",
    "    return '%.5f'% (float(m)/n)\n",
    "\n",
    "for i in range(len(seq_name)):\n",
    "    for j in range(len(seq_name)):\n",
    "        print(p_distance(seq_string[i],seq_string[j]), end=\" \")\n",
    "    print('')"
   ]
  }
 ],
 "metadata": {
  "kernelspec": {
   "display_name": "Python 3",
   "language": "python",
   "name": "python3"
  },
  "language_info": {
   "codemirror_mode": {
    "name": "ipython",
    "version": 3
   },
   "file_extension": ".py",
   "mimetype": "text/x-python",
   "name": "python",
   "nbconvert_exporter": "python",
   "pygments_lexer": "ipython3",
   "version": "3.13.5"
  }
 },
 "nbformat": 4,
 "nbformat_minor": 5
}
